251
71
221
218
193
220
35
147
210
128
59
132
114
122
90
40
234
206
235
145
233
92
154
216
163
58
26
110
245
201
233
126
247
218
253
27
146
157
31
119
98
231
0
87
76
25
61
59
122
213
231
191
27
83
73
235
198
228
131
123
212
233
19
80
116
155
211
39
218
62
238
214
14
225
28
158
145
120
238
186
159
78
211
200
241
132
54
145
208
210
38
71
122
155
125
191
38
226
89
29
94
245
51
84
218
243
194
211
188
241
128
212
27
82
142
144
134
102
191
167
169
25
61
109
55
141
173
94
123
241
181
32
155
83
73
235
198
228
163
27
147
89
81
44
158
167
112
59
251
112
59
201
233
47
237
192
239
39
164
191
183
3
188
158
146
232
206
134
138
58
188
143
91
14
159
149
238
214
14
225
21
252
175
118
176
119
8
175
229
123
181
131
184
69
127
104
251
187
88
59
132
114
122
80
7
112
142
79
75
69
29
89
221
114
61
43
147
91
5
145
213
239
83
53
77
175
60
45
59
207
24
13
65
181
40
233
8
102
107
250
122
145
147
214
211
120
218
213
231
191
27
82
9
181
52
158
188
110
79
180
125
221
172
29
194
57
61
45
254
193
220
35
147
210
42
0
238
17
201
233
104
163
171
59
172
27
210
185
53
176
189
254
20
77
10
38
133
16
162
200
234
247
169
154
166
215
158
22
157
230
88
13
65
181
55
243
1
168
54
162
202
163
164
33
153
175
233
234
70
79
91
77
227
107
87
158
252
109
72
38
212
210
122
241
185
23
70
55
38
178
162
89
61
78
224
118
178
250
96
152
142
232
191
255
110
7
121
61
37
148
95
76
71
79
239
125
184
29
228
244
191
252
175
118
176
119
8
172
175
149
150
182
39
59
235
7
112
143
242
213
133
238
7
107
42
13
171
221
175
209
185
41
197
207
72
152
213
133
238
7
127
224
10
179
186
172
168
21
18
211
17
208
204
222
237
96
171
59
175
219
129
222
79
73
127
110
7
121
61
37
253
184
29
228
244
151
70
116
52
81
213
228
122
216
116
252
175
118
176
119
8
175
229
123
181
131
184
69
127
43
221
172
29
194
43
131
106
247
107
244
110
74
113
115
210
38
53
97
123
129
223
255
209
49
171
11
220
14
215
191
68
198
172
47
112
59
89
80
42
37
166
35
161
153
189
218
193
86
119
85
255
128
42
206
235
251
214
10
179
186
148
89
29
94
245
51
84
218
243
194
211
188
241
128
212
27
82
142
144
134
102
191
167
169
25
61
109
55
141
173
94
123
241
181
32
155
83
73
235
198
228
90
232
198
228
214
84
75
39
169
220
14
254
209
247
118
176
119
8
228
244
183
251
7
112
142
79
72
168
3
184
71
39
165
162
142
172
238
176
111
74
228
214
194
247
248
81
52
40
154
20
66
139
35
171
222
166
106
155
94
120
90
119
153
96
53
6
212
223
204
6
160
218
139
42
142
144
134
102
191
167
169
25
61
109
55
141
173
94
123
241
181
32
155
83
73
235
198
228
93
24
220
154
202
137
100
245
59
129
218
203
233
130
98
59
162
255
253
184
29
228
244
150
81
125
49
29
63
189
246
224
119
147
210
255
242
189
218
193
220
34
178
190
86
90
216
156
239
172
29
194
63
203
86
23
184
29
172
168
54
175
118
191
70
228
167
23
61
34
99
86
23
184
29
255
128
42
206
234
178
160
84
75
76
71
67
51
123
181
130
172
238
191
110
7
121
61
37
253
184
29
228
244
151
246
224
119
147
210
93
25
208
209
71
87
145
235
97
211
242
189
218
193
220
34
191
149
238
214
14
225
21
252
175
118
176
119
8
174
13
171
221
175
209
185
41
197
207
72
152
213
133
238
7
127
255
68
198
172
47
112
59
94
253
19
26
176
189
192
237
101
64
168
150
152
142
134
102
247
107
5
89
221
87
254
0
171
59
175
239
88
42
206
234
81
100
117
123
212
205
83
107
207
11
78
243
198
3
80
109
74
58
66
25
154
254
158
164
100
245
180
222
54
181
121
239
198
212
130
109
77
39
175
27
145
107
163
27
147
89
81
44
158
167
112
59
0
8
